###########################################################################################################################################
############################## Original galaxies and not in the final catalog (mainly NE and GB)############################################
###########################################################################################################################################
#        Name  |   RA   |   Dec   |    l   |   b   |v_hel |FLUX|w50|H1MASS|
ZOA_NE|J0608+13|06 08 30|+13 05 34|196.3843|-3.3344|5645.0|2.27|50|9.5|
ZOA_NE|J0614+12|06 15 00|+12 31 06|197.6494|-2.2189|5553.0|4.03|217|9.7|
ZOA_NE|J0615+11|06 15 40|+11 09 54|198.9188|-2.7187|5446.0|7.67|184|10.0|
ZOA_NE|J0621+11|06 21 34|+11 09 18|199.6115|-1.4479|5599.0|7.74|188|10.0|
ZOA_NE|J0621+10|06 21 44|+10 25 39|200.2732|-1.7534|7467.0|6.74|173|10.2|
ZOA_NE|J0622+06|06 22 04|+06 29 49|203.7886|-3.5212|3598.0|8.34|296|9.6|
ZOA_NE|J0622+11A|06 22 05|+11 22 22|199.4787|-1.2337|5669.0|2.43|41|9.5|
ZOA_NE|J0622+04|06 22 29|+04 31 57|205.5795|-4.3445|2958.0|7.74|306|9.4|
ZOA_NE|J0622+11B|06 22 59|+11 08 09|199.7915|-1.1500|5493.0|19.08|366|10.4|
ZOA_NE|J0623+14|06 23 19|+14 43 41|196.6566|0.6060|5308.0|5.44|286|9.8|
ZOA_NE|J0623+09|06 23 27|+09 29 46|201.2946|-1.8165|8151.0|6.27|238|10.2|
ZOA_NE|J0623+04|06 23 36|+04 22 55|205.8428|-4.1680|2870.0|3.30|97|9.0|
ZOA_NE|J0625+03|06 25 41|+03 48 53|206.5880|-3.9705|6219.0|4.80|234|9.9|
ZOA_NE|J0626+05|06 26 08|+05 01 09|205.5705|-3.3132|3595.0|2.67|103|9.1|
ZOA_NE|J0630+16|06 30 05|+16 50 37|195.5400|3.0309|2532.0|30.26|258|9.9|
ZOA_NE|J0630+08|06 30 09|+08 22 37|203.0558|-0.8730|367.0|4.92|33|7.0|
ZOA_NE|J0630+02|06 30 42|+02 40 38|208.1782|-3.3843|2774.0|3.59|120|9.0|
ZOA_NE|J0632+06|06 32 53|+06 17 16|205.2220|-1.2376|3147.0|3.28|117|9.1|
ZOA_NE|J0633+10|06 33 59|+10 40 40|201.4519|1.0283|7547.0|1.68|43|9.6|
ZOA_NE|J0634+09|06 34 05|+09 13 17|202.7559|0.3790|3876.0|1.29|37|8.9|
ZOA_NE|J0634+00|06 34 20|+00 03 37|210.9255|-3.7773|6183.0|1.88|56|9.5|
ZOA_NE|J0635+14A|06 35 17|+14 59 15|197.7663|3.2891|3827.0|6.44|275|9.6|
ZOA_NE|J0635+02|06 35 44|+02 24 17|208.9986|-2.3928|6334.0|4.07|41|9.8|
ZOA_NE|J0635+03|06 35 51|+03 09 45|208.3382|-2.0193|2832.0|1.49|33|8.7|
ZOA_NE|J0635+11|06 35 54|+11 09 44|201.2381|1.6689|3734.0|9.11|408|9.7|
ZOA_NE|J0635+14B|06 35 54|+14 36 21|198.1745|3.2471|4020.0|16.47|329|10.0|
ZOA_NE|J0636+00|06 36 24|+00 56 42|210.3740|-2.9133|2723.0|17.39|144|9.7|
ZOA_NE|J0636+04|06 36 51|+04 04 00|207.6491|-1.3826|3520.0|5.45|185|9.4|
ZOA_NE|J0637+03|06 37 39|+03 24 13|208.3300|-1.5095|3431.0|5.93|160|9.4|
ZOA_NE|J0641+01|06 41 03|+01 51 00|210.1006|-1.4659|2795.0|6.78|181|9.3|
ZOA_NE|J0643+06|06 43 18|+06 57 57|205.8067|1.3718|6903.0|7.75|356|10.2|
ZOA_NE|J0644+12|06 44 01|+12 25 58|201.0127|4.0160|3925.0|9.34|403|9.8|
ZOA_NE|J0649+09|06 49 35|+09 43 03|204.0595|4.0065|7513.0|15.92|268|10.6|
ZOA_NE|J0653+07|06 53 42|+07 09 54|206.8028|3.7608|7035.0|5.63|329|10.1|
ZOA_NE|J0654+08|06 54 10|+08 35 36|205.5774|4.5088|2625.0|5.79|128|9.2|
ZOA_NE|J0656+06A|06 56 26|+06 01 44|208.1260|3.8523|6391.0|12.29|184|10.3|
ZOA_NE|J0656+06B|06 56 28|+06 16 43|207.9065|3.9726|6784.0|10.69|207|10.3|
ZOA_NE|J0659+06|06 59 37|+06 26 15|208.1189|4.7427|6365.0|4.38|145|9.9|
ZOA_NE|J0702+04|07 02 24|+04 52 39|209.8292|4.6559|6934.0|7.23|241|10.1|
ZOA_NE|J0702+03|07 02 50|+03 13 37|211.3540|4.0044|3551.0|4.20|86|9.3|
ZOA_NE|J1843+06|18 43 42|+06 33 59|37.9101|4.7028|8918.0|6.34|266|10.3|
ZOA_NE|J1852+10|18 52 59|+10 25 49|42.4078|4.3958|4906.0|5.17|238|9.8|
ZOA_NE|J1853+09|18 53 49|+09 51 11|41.9841|3.9523|4729.0|18.30|320|10.3|
ZOA_NE|J1855+07|18 55 22|+07 38 34|40.1845|2.6091|6159.0|6.08|266|10.0|
ZOA_NE|J1857+13|18 57 22|+13 26 26|45.5884|4.7952|8095.0|5.01|173|10.2|
ZOA_NE|J1900+13|19 00 06|+13 33 21|45.9925|4.2544|4658.0|9.40|234|10.0|
ZOA_NE|J1901+06|19 01 40|+06 51 44|40.2023|0.8627|2945.0|17.27|61|9.9|
ZOA_NE|J1904+03A|19 04 15|+03 06 47|37.1640|-1.4264|3289.0|5.60|76|9.5|
ZOA_NE|J1904+03B|19 04 27|+03 11 32|37.2572|-1.4345|3195.0|5.53|232|9.4|
ZOA_NE|J1906+12|19 06 13|+12 57 17|46.1348|2.6555|2730.0|8.47|267|9.5|
ZOA_NE|J1906+07|19 06 53|+07 33 52|41.4198|0.0351|3095.0|5.16|138|9.4|
ZOA_NE|J1907+14|19 07 33|+14 02 54|47.2568|2.8681|7290.0|4.18|89|10.0|
ZOA_NE|J1908+05|19 08 26|+05 59 34|40.2015|-1.0299|4567.0|5.97|168|9.8|
ZOA_NE|J1912+13|19 12 39|+13 24 33|47.2597|1.4743|2774.0|7.09|102|9.4|
ZOA_NE|J1912+02|19 12 45|+02 56 32|37.9876|-3.3899|6541.0|15.23|470|10.5|
ZOA_NE|J1913+17|19 13 49|+17 35 31|51.1019|3.1589|4726.0|2.58|80|9.4|
ZOA_NE|J1913+16|19 13 59|+16 55 00|50.5205|2.8117|6263.0|11.47|539|10.3|
ZOA_NE|J1914+10|19 14 57|+10 17 47|44.7632|-0.4685|654.0|20.66|66|8.8|
ZOA_NE|J1917+07|19 17 27|+07 49 14|42.8586|-2.1671|3033.0|6.89|226|9.5|
ZOA_NE|J1917+04|19 17 38|+04 26 33|39.8846|-3.7774|6330.0|11.18|325|10.3|
ZOA_NE|J1918+16|19 18 38|+16 10 13|50.3776|1.4780|6639.0|7.08|165|10.1|
ZOA_NE|J1919+14|19 19 59|+14 04 01|48.6716|0.2050|2809.0|13.70|137|9.7|
ZOA_NE|J1921+14|19 21 36|+14 54 26|49.5973|0.2545|4080.0|6.56|72|9.7|
ZOA_NE|J1921+08|19 21 59|+08 16 59|43.7929|-2.9431|3115.0|5.97|100|9.4|
ZOA_NE|J1926+08|19 26 02|+08 16 09|44.2525|-3.8339|3088.0|2.62|67|9.1|
ZOA_NE|J1927+12|19 27 36|+12 19 20|48.0099|-2.2532|8604.0|5.38|138|10.2|
ZOA_NE|J1927+09|19 27 57|+09 26 51|45.5174|-3.6941|7920.0|1.69|48|9.7|
ZOA_NE|J1929+08|19 29 18|+08 03 55|44.4554|-4.6427|3097.0|19.08|195|9.9|
ZOA_NE|J1929+11|19 29 24|+11 36 44|47.5948|-2.9784|6331.0|5.78|351|10.0|
ZOA_NE|J1930+12|19 30 29|+12 12 07|48.2404|-2.9297|6684.0|6.07|213|10.1|
ZOA_NE|J1930+11|19 30 36|+11 18 53|47.4735|-3.3788|3174.0|3.11|108|9.2|
ZOA_NE|J1933+10|19 33 56|+10 42 35|47.3337|-4.3866|5255.0|6.67|240|9.9|
ZOA_NE|J1937+14|19 37 12|+14 42 55|51.2338|-3.1479|4485.0|3.20|59|9.5|
ZOA_NE|J1940+11|19 40 36|+11 54 18|49.1767|-5.2392|580.0|1.49|20|7.6|