0.000000000000000000e+00 0.000000000000000000e+00 0.000000000000000000e+00 0.000000000000000000e+00 0.000000000000000000e+00 0.000000000000000000e+00 0.000000000000000000e+00 0.000000000000000000e+00 0.000000000000000000e+00 0.000000000000000000e+00 0.000000000000000000e+00 0.000000000000000000e+00 0.000000000000000000e+00 0.000000000000000000e+00 0.000000000000000000e+00 0.000000000000000000e+00 0.000000000000000000e+00
0.000000000000000000e+00 0.000000000000000000e+00 0.000000000000000000e+00 0.000000000000000000e+00 0.000000000000000000e+00 0.000000000000000000e+00 0.000000000000000000e+00 0.000000000000000000e+00 0.000000000000000000e+00 0.000000000000000000e+00 0.000000000000000000e+00 0.000000000000000000e+00 0.000000000000000000e+00 0.000000000000000000e+00 0.000000000000000000e+00 0.000000000000000000e+00 0.000000000000000000e+00
0.000000000000000000e+00 0.000000000000000000e+00 0.000000000000000000e+00 0.000000000000000000e+00 0.000000000000000000e+00 0.000000000000000000e+00 0.000000000000000000e+00 0.000000000000000000e+00 0.000000000000000000e+00 0.000000000000000000e+00 0.000000000000000000e+00 0.000000000000000000e+00 0.000000000000000000e+00 0.000000000000000000e+00 0.000000000000000000e+00 0.000000000000000000e+00 0.000000000000000000e+00
0.000000000000000000e+00 0.000000000000000000e+00 0.000000000000000000e+00 0.000000000000000000e+00 0.000000000000000000e+00 0.000000000000000000e+00 0.000000000000000000e+00 0.000000000000000000e+00 0.000000000000000000e+00 0.000000000000000000e+00 0.000000000000000000e+00 0.000000000000000000e+00 0.000000000000000000e+00 0.000000000000000000e+00 0.000000000000000000e+00 0.000000000000000000e+00 0.000000000000000000e+00
0.000000000000000000e+00 0.000000000000000000e+00 0.000000000000000000e+00 5.998073192098211104e-01 0.000000000000000000e+00 0.000000000000000000e+00 0.000000000000000000e+00 0.000000000000000000e+00 0.000000000000000000e+00 0.000000000000000000e+00 0.000000000000000000e+00 0.000000000000000000e+00 0.000000000000000000e+00 0.000000000000000000e+00 0.000000000000000000e+00 0.000000000000000000e+00 0.000000000000000000e+00
0.000000000000000000e+00 0.000000000000000000e+00 0.000000000000000000e+00 1.355195844668178329e-01 1.733753826839999068e-01 0.000000000000000000e+00 0.000000000000000000e+00 0.000000000000000000e+00 0.000000000000000000e+00 0.000000000000000000e+00 0.000000000000000000e+00 0.000000000000000000e+00 0.000000000000000000e+00 0.000000000000000000e+00 0.000000000000000000e+00 0.000000000000000000e+00 0.000000000000000000e+00
0.000000000000000000e+00 0.000000000000000000e+00 0.000000000000000000e+00 0.000000000000000000e+00 7.345407099780287830e-02 0.000000000000000000e+00 3.270008337863829495e-01 0.000000000000000000e+00 0.000000000000000000e+00 0.000000000000000000e+00 0.000000000000000000e+00 0.000000000000000000e+00 0.000000000000000000e+00 0.000000000000000000e+00 0.000000000000000000e+00 0.000000000000000000e+00 0.000000000000000000e+00
0.000000000000000000e+00 0.000000000000000000e+00 0.000000000000000000e+00 0.000000000000000000e+00 1.201348353607292474e-01 7.029116256022004128e-02 0.000000000000000000e+00 0.000000000000000000e+00 0.000000000000000000e+00 0.000000000000000000e+00 0.000000000000000000e+00 0.000000000000000000e+00 0.000000000000000000e+00 0.000000000000000000e+00 0.000000000000000000e+00 0.000000000000000000e+00 0.000000000000000000e+00
0.000000000000000000e+00 0.000000000000000000e+00 0.000000000000000000e+00 4.207577216303315382e-02 9.566129195951385278e-02 0.000000000000000000e+00 1.584607311909200511e-01 8.041273037398791179e-02 0.000000000000000000e+00 0.000000000000000000e+00 0.000000000000000000e+00 0.000000000000000000e+00 0.000000000000000000e+00 0.000000000000000000e+00 0.000000000000000000e+00 0.000000000000000000e+00 0.000000000000000000e+00
0.000000000000000000e+00 0.000000000000000000e+00 0.000000000000000000e+00 0.000000000000000000e+00 0.000000000000000000e+00 4.783064597975692639e-02 4.389030834448074542e-02 0.000000000000000000e+00 4.783064597975692639e-02 0.000000000000000000e+00 0.000000000000000000e+00 0.000000000000000000e+00 0.000000000000000000e+00 0.000000000000000000e+00 0.000000000000000000e+00 0.000000000000000000e+00 0.000000000000000000e+00
0.000000000000000000e+00 0.000000000000000000e+00 0.000000000000000000e+00 0.000000000000000000e+00 2.536677142671934365e-02 5.622809768886274234e-02 3.122717022277555002e-02 3.466592654555611386e-02 0.000000000000000000e+00 5.401784571546820041e-02 4.984367280050918531e-02 0.000000000000000000e+00 0.000000000000000000e+00 0.000000000000000000e+00 0.000000000000000000e+00 0.000000000000000000e+00 0.000000000000000000e+00
0.000000000000000000e+00 0.000000000000000000e+00 0.000000000000000000e+00 2.432915896413919126e-03 7.503832774087481824e-03 2.615566655504867125e-02 3.345612189952909543e-02 1.231191752504658815e-02 2.061166777882345730e-02 4.519826626613426823e-02 0.000000000000000000e+00 0.000000000000000000e+00 0.000000000000000000e+00 0.000000000000000000e+00 0.000000000000000000e+00 0.000000000000000000e+00 0.000000000000000000e+00
0.000000000000000000e+00 0.000000000000000000e+00 0.000000000000000000e+00 1.812794406728128558e-03 7.546474432834445432e-03 9.750131837885259861e-03 6.390516177525324033e-03 2.579870142742164002e-02 2.533183675354220774e-02 3.476179030204458453e-02 2.885579041663379612e-02 0.000000000000000000e+00 0.000000000000000000e+00 0.000000000000000000e+00 0.000000000000000000e+00 0.000000000000000000e+00 0.000000000000000000e+00
0.000000000000000000e+00 0.000000000000000000e+00 0.000000000000000000e+00 3.922716129193512362e-03 3.057499392600524987e-03 9.123006978789673788e-03 1.043778055374468099e-02 3.102197264630771403e-02 2.250137809445735410e-02 2.488413031303445683e-02 0.000000000000000000e+00 1.445137041673055268e-02 0.000000000000000000e+00 0.000000000000000000e+00 0.000000000000000000e+00 0.000000000000000000e+00 0.000000000000000000e+00
0.000000000000000000e+00 0.000000000000000000e+00 0.000000000000000000e+00 1.287772820294702135e-03 1.556465188314337146e-03 8.546384048078803711e-03 1.558174351739813335e-03 1.694628117795144578e-02 1.737356599089646611e-02 2.718824866863778916e-02 5.381675247237766718e-02 1.156529234102450336e-02 8.693766217239027455e-03 1.171703737881182178e-02 0.000000000000000000e+00 0.000000000000000000e+00 0.000000000000000000e+00
0.000000000000000000e+00 0.000000000000000000e+00 0.000000000000000000e+00 2.833202259204170223e-04 1.175003201983831338e-03 2.377520246166288896e-03 4.527631884522391806e-03 1.152208265216114573e-02 1.606693029388954475e-02 1.788707534006309802e-02 1.641121056381496246e-02 0.000000000000000000e+00 1.319470965134865274e-02 0.000000000000000000e+00 0.000000000000000000e+00 0.000000000000000000e+00 0.000000000000000000e+00
0.000000000000000000e+00 0.000000000000000000e+00 0.000000000000000000e+00 0.000000000000000000e+00 6.295861543849362715e-04 1.354034776890868097e-03 1.504575558251440917e-03 3.964903299363872757e-03 5.993685465341767188e-03 1.466553672707280286e-02 9.814245378688248381e-03 6.310429974665123128e-03 6.079287805714280943e-03 6.603907375117794472e-03 0.000000000000000000e+00 0.000000000000000000e+00 0.000000000000000000e+00
0.000000000000000000e+00 0.000000000000000000e+00 0.000000000000000000e+00 9.268964126557805285e-05 4.873998422417258119e-04 6.523926752103106344e-04 8.286210337608588888e-04 2.253177103851985909e-03 3.582297555394691954e-03 4.449022445928339786e-03 1.958946830446348444e-02 2.010154219693994007e-02 1.747289911045061747e-02 1.591037099936626472e-03 0.000000000000000000e+00 0.000000000000000000e+00 0.000000000000000000e+00
0.000000000000000000e+00 0.000000000000000000e+00 0.000000000000000000e+00 0.000000000000000000e+00 1.935335826742831905e-04 4.732538701985689413e-04 4.382179719588371138e-04 1.051864378340370545e-03 1.248409218166126244e-03 2.267328164400286665e-03 5.527624171914071599e-03 5.326102687036212736e-03 6.456738857232217563e-03 4.526336030594907411e-03 3.257792844023069991e-03 1.191575269302865003e-03 0.000000000000000000e+00
0.000000000000000000e+00 0.000000000000000000e+00 0.000000000000000000e+00 0.000000000000000000e+00 1.627647667025169335e-04 5.876622459868623344e-05 3.775795248396981887e-04 5.596739258289195034e-04 7.640603607951891888e-04 1.545359315140717614e-03 3.099228136808835840e-03 3.425210261052192597e-03 2.260073986792187923e-03 3.227206485594576093e-03 9.218411154297617358e-04 0.000000000000000000e+00 0.000000000000000000e+00
0.000000000000000000e+00 0.000000000000000000e+00 0.000000000000000000e+00 0.000000000000000000e+00 0.000000000000000000e+00 5.425492223417232245e-05 1.627647667025169335e-04 2.848085182644033994e-04 3.388045431061943529e-04 8.486786346692801923e-04 1.114729093509030230e-03 1.058285224737812299e-03 2.735983498488944558e-03 1.817780170913287606e-03 1.220666017246390539e-03 0.000000000000000000e+00 6.747475996539680377e-04
0.000000000000000000e+00 0.000000000000000000e+00 0.000000000000000000e+00 0.000000000000000000e+00 0.000000000000000000e+00 0.000000000000000000e+00 0.000000000000000000e+00 1.085098444683446449e-04 0.000000000000000000e+00 2.264037528081526147e-04 3.400193426272145217e-04 4.304766653005618780e-04 9.382140023131679265e-04 9.435648254702770198e-04 4.535883944046121001e-04 2.887517715380239131e-04 0.000000000000000000e+00
0.000000000000000000e+00 0.000000000000000000e+00 0.000000000000000000e+00 0.000000000000000000e+00 0.000000000000000000e+00 0.000000000000000000e+00 5.425492223417232245e-05 0.000000000000000000e+00 0.000000000000000000e+00 5.425492223417232245e-05 5.425492223417232245e-05 1.153671628007243939e-04 1.751780391575463551e-04 2.475451415868917902e-04 2.013705992280627910e-04 1.242641429018347490e-04 1.808924626696628243e-04
0.000000000000000000e+00 0.000000000000000000e+00 0.000000000000000000e+00 0.000000000000000000e+00 0.000000000000000000e+00 0.000000000000000000e+00 0.000000000000000000e+00 0.000000000000000000e+00 0.000000000000000000e+00 0.000000000000000000e+00 0.000000000000000000e+00 0.000000000000000000e+00 0.000000000000000000e+00 5.876622459868623344e-05 0.000000000000000000e+00 6.215689232468781954e-05 0.000000000000000000e+00
