8.892331299625075189e+05
6.764214739113184623e+04
1.245318914349713887e+05
5.394888021256847424e+04
6.640054043522002758e+04
4.047810846133071027e+04
2.990230079164654671e+04
4.408997966971487040e+04
2.191698686940931293e+04
7.422190950506522495e+04
3.704564444799554767e+05
4.312001848068941035e+05
5.858873940784596198e+04
2.445306488794443430e+05
3.817197906306087680e+04
1.568903313601433547e+04
1.474562989266096054e+02
3.994682357713620149e+04
1.087643029528039187e+04
8.209648215378869791e+05
5.023218854485849079e+03
3.338971168555003533e+04
2.084837406436722449e+04
5.805261659812047146e+05
8.209648215378869791e+05
4.379628385997525038e+04
2.214704506515314279e+05
2.405460849802577650e+04
5.196278927559786098e+04
2.287338414969235237e+04
3.866864226409303956e+04
1.284140773304905269e+04
1.087643029528039187e+04
1.064808453928997769e+05
1.925507876992787715e+04
1.547926565444098960e+05
2.942814671383683453e+05
2.773884334823862082e+04
5.232307372006845981e+04
2.716692891539690754e+04
3.571974447669993970e+04
5.270991551318031998e+04
1.018364840592826476e+04
2.040439502293273836e+04
2.025769482965314091e+04
1.296800925979177919e+04
7.216428119012706156e+04
8.209648215378869791e+05
2.990230079164654671e+04
4.472431942182800849e+05
1.172468911244831543e+04
4.128740126967153628e+04
5.096576935202734603e+03
1.907506737532177067e+05
2.025769482965314091e+04
1.772089210621983802e+05
2.990230079164654671e+04
2.126125039065824531e+05
1.982421245504661783e+04
7.546781416269044712e+03
3.214018236368595808e+03
4.888201246491644415e+05
4.888201246491644415e+05
1.064808453928997769e+05
5.232307372006845981e+04
5.438997907918487181e+04
2.339681056149868709e+03
7.703615379728033440e+04
2.254680055484250624e+04
6.889936280551701202e+04
5.809538894362371502e+04
1.008180534528969019e+03
3.031470695668281041e+04
3.031470695668281041e+04
7.018585660983236448e+04
2.041730513105963473e+05
3.866864226409303956e+04
5.805261659812047146e+05
5.809538894362371502e+04
7.641933265742889489e+03
1.303193108223866293e+05
7.491281637752240931e+04
2.716692891539690754e+04
5.394888021256847424e+04
4.888201246491644415e+05
5.058811769660495338e+04
4.322636711578910763e+04
3.052580464905739063e+04
5.058811769660495338e+04
8.209648215378869791e+05
3.031470695668281041e+04
8.642823261439409180e+03
1.041261085137396367e+04
5.310307330870585429e+04
5.996653955395427147e+02
1.283714299484051153e+05
9.397868408452832227e+03
2.679195537481247811e+04
5.805261659812047146e+05
5.161153147693787469e+04
2.339681056149868709e+03
4.047810846133071027e+04
9.674607623634514084e+02
2.325171908375600760e+05
5.390884253221714171e+05
5.310307330870585429e+04
8.431581702379455237e+03
3.596016758004132862e+04
8.947201546811917797e+04
8.209648215378869791e+05
2.199708504270018602e+05
3.085649466201453470e+05
2.660613163870826975e+04
8.431581702379455237e+03
7.422190950506522495e+04
3.371074061961306725e+05
5.394888021256847424e+04
2.440996542005440278e+04
1.883205001171264303e+04
3.843797110403748811e+05
5.270991551318031998e+04
9.729866259178192195e+03
3.013395843673419440e+05
6.347812326118322089e+05
8.523733632633227389e+05
2.890214844615847687e+04
9.674607623634514084e+02
2.025769482965314091e+04
1.516343634109703125e+05
2.339681056149868709e+03
6.564765491369450956e+02
6.860172658347677270e+02
7.189068128061187053e+03
4.739992076827600249e+04
8.204627224085053285e+02
4.671361482539115241e+05
1.547926565444098960e+05
6.578648476018702786e+04
8.431581702379455237e+03
4.083098181213687640e+05
5.270991551318031998e+04
3.463899268596751881e+03
3.721044074410041048e+03
5.931266067290585488e+05
7.189068128061187053e+03
2.370981162246486565e+04
3.338971168555003533e+04
1.961403378458485577e+03
3.338971168555003533e+04
9.178779409294069410e+03
2.388025034711417538e+04
2.222989713947243581e+04
1.391081477706122541e+03
5.244492554825321349e+03
2.222989713947243581e+04
2.025769482965314091e+04
1.064808453928997769e+05
5.713054736102725292e+04
7.277210486815164586e+03
2.388025034711417538e+04
5.438997907918487181e+04
9.618345362025091163e+03
2.716692891539690754e+04
4.264242907438779948e+05
2.339681056149868709e+03
6.760906846015128394e+03
8.748825745756939796e+03
1.668765788343290333e+05
5.394753482822087790e+03
3.515140360394901363e+05
3.655999130048579900e+03
7.546781416269044712e+03
3.134662183872198220e+05
7.761780390713290544e+05
1.799497405019936559e+04
2.325171908375600760e+05
3.994682357713620149e+04
1.911376790791477470e+04
1.649292276326909268e+04
5.244492554825321349e+03
3.982896891463269185e+03
2.337135399979040449e+04
5.547307913279774766e+03
1.622308592467562448e+04
1.649292276326909268e+04
1.111498465930257953e+04
5.666540238852720358e+04
3.968338050970095355e+04
2.410257652599117137e+05
2.405460849802577650e+04
1.582135645140009365e+04
4.115906220590638441e+03
2.531531834748246911e+04
8.431581702379455237e+03
5.394888021256847424e+04
7.491281637752240931e+04
4.888201246491644415e+05
3.361896219577032753e+04
3.073866181943991978e+04
2.890214844615847687e+04
8.209648215378869791e+05
4.039954289295953349e+05
4.742624594734524726e+05
4.671361482539115241e+05
1.737134208676495182e+05
2.370981162246486565e+04
5.232307372006845981e+04
8.647043042176929885e+04
2.245365904475064308e+05
4.472431942182800849e+05
6.809935644289925694e+05
3.399069774274097290e+05
8.926973543614860773e+02
1.973963733547466691e+05
3.033912636358991676e+03
3.718290530086568469e+04
2.970097108707227744e+04
5.809538894362371502e+04
2.207342475599025420e+04
5.204823866596349399e+05
1.352588986627374834e+05
2.191698686940931293e+04
8.870605119339628436e+04
5.310307330870585429e+04
1.082026525204893114e+05
2.287338414969235237e+04
3.338971168555003533e+04
2.628859598016043310e+05
1.098699232034660554e+03
1.996799483951734510e+04
3.061409281107522547e+05
5.232307372006845981e+04
5.438997907918487181e+04
1.968178779769835091e+04
6.063625448299207346e+04
2.191698686940931293e+04
6.399926037904461555e+04
8.523733632633227389e+05
1.758174439302026440e+04
4.021218533260714321e+04
1.582135645140009365e+04
3.338971168555003533e+04
3.596016758004132862e+04
8.209648215378869791e+05
3.073866181943991978e+04
8.134519211490658927e+04
3.052580464905739063e+04
3.477876096701956703e+04
1.544279999242417944e+03
3.431261878559241450e+04
3.134662183872198220e+05
4.472431942182800849e+05
3.455686949473556597e+05
4.671361482539115241e+05
5.270991551318031998e+04
2.191698686940931293e+04
1.189182918134010251e+05
6.809935644289925694e+05
5.352509154394857615e+04
1.008180534528969019e+03
3.620230079835536162e+04
5.310307330870585429e+04
2.765844708906307351e+05
5.931266067290585488e+05
2.516611285375947773e+05
5.096576935202734603e+03
6.989372628530154470e+05
2.388025034711417538e+04
4.992942770014959387e+04
3.159315485894624144e+05
7.422190950506522495e+04
4.586824804819024575e+04
2.513193169454059534e+04
2.292663110731235356e+05
4.083098181213687640e+05
3.235517122587130871e+05
4.039954289295953349e+05
7.422190950506522495e+04
3.817197906306087680e+04
4.264242907438779948e+05
4.739992076827600249e+04
2.014401955904121278e+05
3.999788751450165291e+05
1.907506737532177067e+05
2.229970001927873527e+05
2.890214844615847687e+04
3.337100610177066756e+03
8.431581702379455237e+03
2.325171908375600760e+05
2.807571153540529194e+05
1.831915741708039131e+05
3.917025947309821731e+03
8.038949880476764065e+01
3.209321615545148961e+05
3.037334625181130250e+05
2.605085251597725437e+04
1.772089210621983802e+05
1.657584009507094743e+05
9.178300423148713890e+04
2.214704506515314279e+05
2.829530202463567839e+05
3.671841947428522981e+05
7.641933265742889489e+03
5.931266067290585488e+05
8.032261980995343947e+03
1.831915741708039131e+05
4.351021677286427439e+04
1.973963733547466691e+05
1.008180534528969019e+03
2.725416780780986883e+05
5.438997907918487181e+04
1.920681321089089615e+05
5.196278927559786098e+04
5.270991551318031998e+04
1.737134208676495182e+05
6.010415914089282160e+04
3.843797110403748811e+05
2.765844708906307351e+05
2.245365904475064308e+05
2.341870109183630557e+05
5.232307372006845981e+04
5.390884253221714171e+05
2.014401955904121278e+05
4.664972801103444908e+03
8.523733632633227389e+05
6.010415914089282160e+04
1.125626415456695831e+05
2.292663110731235356e+05
3.184009891595618101e+05
2.325171908375600760e+05
1.246583290033649791e+04
1.856534970522045041e+05
6.063625448299207346e+04
7.641933265742889489e+03
2.666822472942514578e+05
7.148612738159557921e+04
2.786474049843696412e+05
8.892331299625075189e+05
4.888201246491644415e+05
2.851609857786989305e+05
1.580424888246655464e+05
7.491281637752240931e+04
1.047763570800395828e+05
6.284889060259239341e+04
5.232307372006845981e+04
3.671841947428522981e+05
3.184009891595618101e+05
2.097589630008240638e+05
1.714015615411690960e+05
4.417182188123918022e+05
3.161318245716552701e+04
2.337135399979040449e+04
7.641933265742889489e+03
4.992942770014959387e+04
5.058811769660495338e+04
3.399069774274097290e+05
5.232307372006845981e+04
3.235517122587130871e+05
6.341693104890451650e+04
4.895828123766087811e+04
2.308797536251667771e+05
4.156126843053371704e+04
2.765844708906307351e+05
4.927927763575729477e+04
5.196278927559786098e+04
1.772089210621983802e+05
9.255716623701005301e+04
1.116837416349048290e+05
6.010415914089282160e+04
1.869124965430261509e+05
7.148612738159557921e+04
3.843797110403748811e+05
4.039954289295953349e+05
8.523733632633227389e+05
5.232307372006845981e+04
4.472431942182800849e+05
4.895828123766087811e+04
6.063625448299207346e+04
6.889936280551701202e+04
2.229970001927873527e+05
3.399069774274097290e+05
1.973963733547466691e+05
5.310307330870585429e+04
2.308797536251667771e+05
7.918150032770505641e+04
2.666822472942514578e+05
5.270991551318031998e+04
6.578648476018702786e+04
2.041730513105963473e+05
2.341870109183630557e+05
3.737784423135084799e+05
5.938954178322571352e+03
6.640054043522002758e+04
1.235855815460586600e+05
1.760374817623160197e+05
1.352588986627374834e+05
7.455996814459222151e+03
1.209411742773077094e+04
2.480789443826670176e+05
7.641933265742889489e+03
6.860172658347677270e+02
3.338971168555003533e+04
2.716692891539690754e+04
9.255716623701005301e+04
1.372757106252006779e+05
1.558699687896155519e+05
3.235517122587130871e+05
1.008180534528969019e+03
4.039954289295953349e+05
3.235517122587130871e+05
1.907506737532177067e+05
5.232307372006845981e+04
3.134662183872198220e+05
1.516343634109703125e+05
9.731539964009854884e+04
5.805261659812047146e+05
1.516343634109703125e+05
8.209648215378869791e+05
3.338971168555003533e+04
3.184009891595618101e+05
8.523733632633227389e+05
1.312956095421496138e+05
3.209321615545148961e+05
3.031470695668281041e+04
2.919648136275815195e+05
6.427034843126098167e+03
8.795209942631816375e+04
1.657584009507094743e+05
7.148612738159557921e+04
1.844072846541310428e+05
1.245318914349713887e+05
3.343209315376803279e+05
3.882229126191521646e+05
7.641933265742889489e+03
4.586824804819024575e+04
1.907506737532177067e+05
1.657584009507094743e+05
4.556771614514643443e+04
9.674607623634514084e+02
1.547926565444098960e+05
2.781206951948943811e+02
2.534911691453819803e+05
3.485308909201521310e+05
4.472431942182800849e+05
3.184009891595618101e+05
2.214704506515314279e+05
2.160954870050648969e+04
1.146085008774329935e+03
2.534911691453819803e+05
2.287338414969235237e+04
4.101635492804224486e+04
2.427629814988548169e+05
2.341870109183630557e+05
1.198439755425595358e+05
2.097589630008240638e+05
2.725416780780986883e+05
1.547926565444098960e+05
3.999788751450165291e+05
5.204823866596349399e+05
6.809935644289925694e+05
5.196278927559786098e+04
2.341870109183630557e+05
4.888201246491644415e+05
2.516611285375947773e+05
3.235517122587130871e+05
1.125626415456695831e+05
3.343209315376803279e+05
2.666822472942514578e+05
7.422190950506522495e+04
4.472431942182800849e+05
3.620230079835536162e+04
2.388025034711417538e+04
9.651360516065277625e+04
5.058811769660495338e+04
8.892331299625075189e+05
2.292663110731235356e+05
4.671361482539115241e+05
8.209648215378869791e+05
5.390884253221714171e+05
5.805261659812047146e+05
4.312001848068941035e+05
8.892331299625075189e+05
1.082026525204893114e+05
4.039954289295953349e+05
7.761780390713290544e+05
4.671361482539115241e+05
2.786474049843696412e+05
4.417182188123918022e+05
3.085649466201453470e+05
1.125626415456695831e+05
1.679955550371902937e+05
4.417182188123918022e+05
7.563346097974780714e+05
4.039954289295953349e+05
1.907506737532177067e+05
6.118072275153040391e+04
2.480789443826670176e+05
3.235517122587130871e+05
9.674607623634514084e+02
2.807571153540529194e+05
5.592777421588406432e+05
1.372757106252006779e+05
8.523733632633227389e+05
1.271543527281795286e+04
3.085649466201453470e+05
2.199708504270018602e+05
3.576669994839898427e+05
3.843797110403748811e+05
3.209321615545148961e+05
1.198439755425595358e+05
2.169969439915415132e+05
3.771820298468983383e+05
8.892331299625075189e+05
2.970097108707227744e+04
7.761780390713290544e+05
2.874143306432702811e+05
5.805261659812047146e+05
1.226433447117412579e+05
2.308797536251667771e+05
2.375729766806143743e+05
2.990230079164654671e+04
1.547926565444098960e+05
3.843797110403748811e+05
2.516611285375947773e+05
1.125626415456695831e+05
1.382914739998667792e+05
8.431581702379455237e+03
4.472431942182800849e+05
4.604090048164497130e+05
5.122332390802956070e+05
8.892331299625075189e+05
2.989747742858959828e+05
3.704564444799554767e+05
5.296947752614665078e+05
4.039954289295953349e+05
2.111827277796557464e+05
2.055454359503685264e+05
6.809935644289925694e+05
2.375729766806143743e+05
1.831915741708039131e+05
6.347812326118322089e+05
1.907506737532177067e+05
4.039954289295953349e+05
3.671841947428522981e+05
1.352588986627374834e+05
5.394888021256847424e+04
2.427629814988548169e+05
2.014401955904121278e+05
5.592777421588406432e+05
5.310307330870585429e+04
4.216908116019970621e+05
3.545550458138562390e+05
1.485225977075395349e+05
4.039954289295953349e+05
9.334009903032440343e+04
4.312001848068941035e+05
2.807571153540529194e+05
8.870605119339628436e+04
6.010415914089282160e+04
3.882229126191521646e+05
8.523733632633227389e+05
7.774956695178916561e+04
6.341693104890451650e+04
8.892331299625075189e+05
3.515140360394901363e+05
3.399069774274097290e+05
5.196278927559786098e+04
1.702635194413072604e+05
7.083329107095644576e+04
5.805261659812047146e+05
2.807571153540529194e+05
8.892331299625075189e+05
2.807571153540529194e+05
6.347812326118322089e+05
8.209648215378869791e+05
3.184009891595618101e+05
5.390884253221714171e+05
4.472431942182800849e+05
3.455686949473556597e+05
2.516611285375947773e+05
2.516611285375947773e+05
8.892331299625075189e+05
1.245318914349713887e+05
7.189068128061187053e+03
8.892331299625075189e+05
4.322636711578910763e+04
8.431581702379455237e+03
3.031470695668281041e+04
4.379628385997525038e+04
5.058811769660495338e+04
8.892331299625075189e+05
5.122332390802956070e+05
4.604090048164497130e+05
2.287338414969235237e+04
4.312001848068941035e+05
5.805261659812047146e+05
8.892331299625075189e+05
2.388025034711417538e+04
8.892331299625075189e+05
5.232307372006845981e+04
4.527069792250591127e+04
8.209648215378869791e+05
4.888201246491644415e+05
8.431581702379455237e+03
8.870605119339628436e+04
8.523733632633227389e+05
4.363690969099168433e+05
3.361896219577032753e+04
3.968338050970095355e+04
6.989372628530154470e+05
7.101205022353907225e+03
4.556771614514643443e+04
8.892331299625075189e+05
3.742923313187612803e+04
5.058811769660495338e+04
2.890214844615847687e+04
4.126945408573006862e+05
3.576669994839898427e+05
3.771820298468983383e+05
5.805261659812047146e+05
5.196278927559786098e+04
5.122332390802956070e+05
2.697859776004153900e+04
4.312001848068941035e+05
4.604090048164497130e+05
3.571974447669993970e+04
4.739992076827600249e+04
1.844072846541310428e+05
3.558143802450087492e+02
2.812160405983061719e+04
3.571974447669993970e+04
5.805261659812047146e+05
7.491281637752240931e+04
3.704564444799554767e+05
5.058811769660495338e+04
8.892331299625075189e+05
5.058811769660495338e+04
4.322636711578910763e+04
2.097589630008240638e+05
2.199708504270018602e+05
5.161153147693787469e+04
5.713054736102725292e+04
3.644608204724118696e+04
5.161153147693787469e+04
8.892331299625075189e+05
4.047810846133071027e+04
7.761780390713290544e+05
6.207186852737249574e+05
3.515140360394901363e+05
4.039954289295953349e+05
1.082026525204893114e+05
5.390884253221714171e+05
4.039954289295953349e+05
2.666822472942514578e+05
5.390884253221714171e+05
2.765844708906307351e+05
8.209648215378869791e+05
2.498681582546213758e+05
3.942643680501788913e+04
3.968338050970095355e+04
5.809538894362371502e+04
7.761780390713290544e+05
2.214704506515314279e+05
1.372757106252006779e+05
4.312001848068941035e+05
2.169969439915415132e+05
3.095410159827842290e+04
4.895828123766087811e+04
4.312001848068941035e+05
5.490101143936573062e+05
2.666822472942514578e+05
4.472431942182800849e+05
1.613321686100974912e+05
6.063625448299207346e+04
8.523733632633227389e+05
6.347812326118322089e+05
3.209321615545148961e+05
4.039954289295953349e+05
5.058811769660495338e+04
2.292663110731235356e+05
3.671841947428522981e+05
